uniq total q30p_ krill rotifer
552638 772195 pass 571900 571782 571739
60213 63066 fail 57033 57017 57020
612850 835260 10 pass 612850 612850 612850
1 1 10 fail 1 1 1
552706 772263 10 pass pass 571738 571897 571894
60144 62997 10 pass fail 56961 56865 57002
0 0 10 fail pass 0 0 0
1 1 10 fail fail 1 1 1
612732 835142 20 pass 612784 612776 612774
119 119 20 fail 118 119 119
552607 772164 20 pass pass 572031 571579 572013
60125 62978 20 pass fail 56935 57112 56966
99 99 20 fail pass 98 99 98
20 20 20 fail fail 20 20 20
611645 834054 30 pass 612073 612094 612076
1207 1207 30 fail 1180 1178 1186
551630 771186 30 pass pass 571308 571171 571072
60015 62868 30 pass fail 56949 56900 56940
1077 1077 30 fail pass 1050 1055 1042
130 130 30 fail fail 128 128 128
608226 830632 40 pass 609821 609802 609846
4629 4629 40 fail 4477 4455 4479
548577 768130 40 pass pass 569097 569023 569200
59649 62502 40 pass fail 56614 56555 56464
4133 4133 40 fail pass 3986 3973 3978
496 496 40 fail fail 486 482 488
601471 823819 50 pass 605361 605449 605399
11442 11442 50 fail 10879 10846 10877
542456 761953 50 pass pass 564958 565183 564981
59015 61866 50 pass fail 55990 56016 56106
10310 10310 50 fail pass 9821 9843 9828
1132 1132 50 fail fail 1108 1112 1102
590621 812766 60 pass 598166 598329 598274
22477 22495 60 fail 21082 21094 21095
532509 751808 60 pass pass 558345 558452 558094
58112 60958 60 pass fail 55226 55176 55252
20437 20455 60 fail pass 19168 19206 19182
2040 2040 60 fail fail 1971 1973 1984
573196 794469 70 pass 586109 586355 586218
40659 40792 70 fail 37603 37583 37632
516404 734849 70 pass pass 547164 546865 547015
56792 59620 70 pass fail 54114 54010 54052
37282 37414 70 fail pass 34555 34518 34573
3377 3378 70 fail fail 3257 3278 3253
550777 769629 80 pass 570033 569909 570183
65071 65632 80 fail 59266 59472 59460
495706 711770 80 pass pass 531853 532152 531994
55071 57859 80 pass fail 52590 52589 52531
59943 60493 80 fail pass 54920 54853 54858
5128 5139 80 fail fail 4932 4955 4966
520317 732248 90 pass 545457 545330 545371
100635 103013 90 fail 91057 91065 91038
467999 677243 90 pass pass 509078 508991 509142
52318 55005 90 pass fail 50053 49995 50072
92681 95020 90 fail pass 84395 84274 84410
7954 7993 90 fail fail 7651 7668 7661
385062 534875 100 pass 412373 412859 412302
263651 300386 100 fail 245143 245246 245265
348283 496317 100 pass pass 385456 386108 385704
36779 38558 100 pass fail 35511 35649 35603
239733 275946 100 fail pass 227037 226931 226939
23918 24440 100 fail fail 22884 22875 22813
