uniq total q30p_ krill rotifer
594267 812268 pass 601401 601399 601350
22188 22993 fail 21521 21468 21483
616159 834965 10 pass 616273 616258 616264
296 296 10 fail 292 292 292
595359 813376 10 pass pass 602140 602199 602190
20800 21589 10 pass fail 20248 20287 20225
28 28 10 fail pass 28 28 28
268 268 10 fail fail 268 264 267
614966 833772 20 pass 615487 615494 615455
1489 1489 20 fail 1459 1461 1454
594839 812856 20 pass pass 601855 601669 601834
20127 20916 20 pass fail 19577 19654 19586
548 548 20 fail pass 538 531 542
941 941 20 fail fail 920 920 923
612279 831085 30 pass 613758 613773 613744
4176 4176 30 fail 4020 4019 4031
592759 810776 30 pass pass 600637 600489 600454
19520 20309 30 pass fail 19027 19070 19128
2628 2628 30 fail pass 2565 2561 2538
1548 1548 30 fail fail 1500 1514 1503
606409 825203 40 pass 609899 609902 609833
10058 10058 40 fail 9577 9574 9585
587533 805538 40 pass pass 596901 597063 597125
18876 19665 40 pass fail 18457 18456 18456
7866 7866 40 fail pass 7523 7525 7541
2192 2192 40 fail fail 2112 2112 2115
596472 815199 50 pass 603395 603319 603360
20061 20062 50 fail 18832 18844 18801
578212 796150 50 pass pass 590844 591019 590852
18260 19049 50 pass fail 17894 17909 17866
17253 17254 50 fail pass 16277 16293 16283
2808 2808 50 fail fail 2724 2719 2721
581695 800113 60 pass 593384 593425 593478
35110 35148 60 fail 32540 32455 32542
564003 781633 60 pass pass 581361 581397 581347
17692 18480 60 pass fail 17356 17436 17420
31733 31771 60 fail pass 29350 29551 29572
3377 3377 60 fail fail 3262 3251 3271
559092 776358 70 pass 577787 577835 577974
58666 58903 70 fail 53421 53539 53395
542151 758635 70 pass pass 566079 566202 566224
16941 17723 70 pass fail 16693 16690 16663
54532 54769 70 fail pass 49723 49870 49869
4134 4134 70 fail fail 3984 4000 3969
532144 746145 80 pass 558005 557983 558093
88198 89116 80 fail 79393 79549 79334
516054 729281 80 pass pass 547068 546591 546938
16090 16864 80 pass fail 15925 15910 15887
83206 84123 80 fail pass 75294 75111 75054
4992 4993 80 fail fail 4793 4840 4803
496089 700793 90 pass 527934 527855 527909
130861 134468 90 fail 116961 117095 117108
481075 685029 90 pass pass 517538 517224 517141
15014 15764 90 pass fail 14888 14889 14935
124778 128375 90 fail pass 112179 112148 112044
6083 6093 90 fail fail 5839 5833 5836
330580 456224 100 pass 359835 359664 360058
326344 379037 100 fail 304173 304712 304405
320804 445993 100 pass pass 352291 352314 352588
9776 10231 100 pass fail 9793 9746 9731
314889 367411 100 fail pass 295674 296014 295959
11455 11626 100 fail fail 11041 11029 11051
