uniq total q30p_ krill rotifer
22632717 155374497 pass 23328421 23328403 23328440
830384 1097532 fail 495565 494469 494860
23421169 156430017 10 pass 23457938 23457835 23457827
41989 42012 10 fail 34462 34421 34482
22608348 155350048 10 pass pass 23325500 23325606 23325818
812821 1079969 10 pass fail 488750 489434 489457
24426 24449 10 fail pass 20839 20905 20842
17563 17563 10 fail fail 15232 15215 15191
23217765 156225054 20 pass 23432673 23432821 23432761
246626 246975 20 fail 160862 160521 160559
22443711 155183861 20 pass pass 23305532 23305071 23304301
774054 1041193 20 pass fail 476356 476387 476710
190288 190636 20 fail pass 130331 129887 130087
56338 56339 20 fail fail 45083 45149 45002
22695540 155681528 30 pass 23366219 23366388 23365967
785734 790501 30 fail 390244 390730 390837
21955454 154674383 30 pass pass 23241596 23242222 23242333
740086 1007145 30 pass fail 465736 464981 464994
695357 700114 30 fail pass 357470 357182 357334
90377 90387 30 fail fail 68929 68877 68957
21821537 154677587 40 pass 23242113 23242712 23243257
1748096 1794442 40 fail 704348 702694 703428
21103686 153693058 40 pass pass 23122175 23120379 23120628
717851 984529 40 pass fail 458012 457943 457606
1635147 1681439 40 fail pass 670967 671148 670629
112949 113003 40 fail fail 83555 83559 83451
20631553 153044397 50 pass 23041397 23040541 23041375
3160891 3427632 50 fail 1117064 1119270 1118741
19934748 152082058 50 pass pass 22922770 22921829 22921895
696805 962339 50 pass fail 450298 451401 450048
3025944 3292439 50 fail pass 1085815 1086389 1086250
134947 135193 50 fail fail 97380 97235 97584
19214996 150507523 60 pass 22726842 22727652 22727712
4929659 5964506 60 fail 1682141 1680335 1680029
18541425 149571081 60 pass pass 22612496 22612548 22610621
673571 936442 60 pass fail 441156 442297 441435
4769426 5803416 60 fail pass 1648477 1648084 1647133
160233 161090 60 fail fail 112568 112997 113458
17639330 146452030 70 pass 22223202 22225839 22224994
6935504 10019999 70 fail 2496585 2499982 2498945
16995932 145551527 70 pass pass 22112439 22113674 22112320
643398 900503 70 pass fail 430035 429290 428585
6740951 9822970 70 fail pass 2459333 2458560 2462919
194553 197029 70 fail fail 133557 133706 133267
15853587 139209602 80 pass 21317329 21318547 21318188
9178550 17262427 80 fail 3839104 3839250 3841420
15253317 138364886 80 pass pass 21210052 21212342 21211595
600270 844716 80 pass fail 410338 410374 409825
8932909 17009611 80 fail pass 3794679 3793554 3793446
245641 252816 80 fail fail 163741 163813 163639
12929090 121950573 90 pass 19117057 19118782 19116970
12641809 34521456 90 fail 6743821 6740895 6740872
12410760 121220503 90 pass pass 19023369 19022786 19027336
518330 730070 90 pass fail 368470 368832 368399
12298474 34153994 90 fail pass 6681940 6680283 6684888
343335 367462 90 fail fail 219793 219733 219919
2356881 30704083 100 pass 6121753 6122483 6122776
22316355 125767946 100 fail 19611130 19613745 19610582
2240237 30553079 100 pass pass 6096798 6098753 6102048
116644 151004 100 pass fail 107115 107058 106980
21565913 124821418 100 fail pass 19488365 19488278 19491055
750442 946528 100 fail fail 445332 444080 445073
