uniq total q30p_ krill rotifer
16238626 154780958 pass 17362733 17363416 17363038
1281587 1691071 fail 587345 586665 586657
17128103 156078683 10 pass 17483306 17483445 17483429
392725 393346 10 fail 215932 215790 216625
16067312 154608581 10 pass pass 17346194 17346482 17346269
1060791 1470102 10 pass fail 535152 535474 534959
171829 172377 10 fail pass 114237 114068 114644
220896 220969 10 fail fail 139074 139126 139582
16340672 155276985 20 pass 17409136 17408423 17409036
1189510 1195044 20 fail 466910 466834 466841
15458627 153986745 20 pass pass 17287727 17287811 17288620
882045 1290240 20 pass fail 490781 490619 490651
789237 794213 20 fail pass 354210 353592 354711
400273 400831 20 fail fail 219285 218931 219280
15264457 154091051 30 pass 17298738 17298181 17297826
2336044 2380978 30 fail 733897 733828 734121
14518804 152941883 30 pass pass 17190201 17190774 17191229
745653 1149168 30 pass fail 455264 454810 454520
1796956 1839075 30 fail pass 620244 619969 620079
539088 541903 30 fail fail 272407 271828 272653
14132772 152588837 40 pass 17157852 17158490 17157770
3643558 3883192 40 fail 1015213 1015532 1014738
13489509 151552968 40 pass pass 17061695 17061391 17060693
643263 1035869 40 pass fail 425146 425266 424087
2997571 3227990 40 fail pass 897640 897379 897245
645987 655202 40 fail fail 310924 310329 311259
13053256 150734982 50 pass 16984815 16985024 16985066
4952964 5737047 50 fail 1325067 1322588 1324037
12486896 149792831 50 pass pass 16896020 16895296 16894613
566360 942151 50 pass fail 398120 398469 398113
4225132 4988127 50 fail pass 1202828 1204033 1201277
727832 748920 50 fail fail 340692 340759 341088
12072020 148433502 60 pass 16768531 16769095 16768288
6163878 8038527 60 fail 1676020 1678251 1677190
11560772 147565846 60 pass pass 16687428 16686773 16685628
511248 867656 60 pass fail 377003 376972 375803
5377381 7215112 60 fail pass 1553512 1553260 1553172
786497 823415 60 fail fail 363735 363717 363847
11189510 145466059 70 pass 16488910 16488029 16488714
7256521 11005970 70 fail 2104459 2103986 2104556
10717177 144656242 70 pass pass 16413387 16411783 16413233
472333 809817 70 pass fail 359132 359605 359334
6428049 10124716 70 fail pass 1980048 1980299 1977574
828472 881254 70 fail fail 380654 380555 381322
10381403 141269803 80 pass 16092653 16093054 16092461
8258977 15202226 80 fail 2674620 2673468 2674709
9938294 140506356 80 pass pass 16020750 16021691 16020410
443109 763447 80 pass fail 345451 346101 345348
7396934 14274602 80 fail pass 2550461 2550408 2550358
862043 927624 80 fail fail 393700 394236 394336
9485731 133550949 90 pass 15358584 15359784 15355706
9375904 22921080 90 fail 3662261 3663102 3661804
9073275 132840771 90 pass pass 15291864 15288848 15289741
412456 710178 90 pass fail 328330 328404 328421
8473889 21940187 90 fail pass 3538425 3541007 3538130
902015 980893 90 fail fail 410313 409095 408729
4099686 68376188 100 pass 8821211 8822400 8822769
14930126 88095841 100 fail 10873360 10874586 10872868
3885935 68035909 100 pass pass 8781667 8783876 8783033
213751 340279 100 pass fail 194153 194082 194352
13798060 86745049 100 fail pass 10732417 10734972 10734468
1132066 1350792 100 fail fail 506616 506747 506147
