uniq total q p krill rotifer
616455 835261 5 10 pass 
0 0 5 10 fail 
595387 813404 5 10 pass pass
21068 21857 5 10 pass fail
0 0 5 10 fail pass
0 0 5 10 fail fail
616455 835261 10 10 pass 
0 0 10 10 fail 
595387 813404 10 10 pass pass
21068 21857 10 10 pass fail
0 0 10 10 fail pass
0 0 10 10 fail fail
616455 835261 15 10 pass 
0 0 15 10 fail 
595387 813404 15 10 pass pass
21068 21857 15 10 pass fail
0 0 15 10 fail pass
0 0 15 10 fail fail
616451 835257 20 10 pass 
4 4 20 10 fail 
595387 813404 20 10 pass pass
21064 21853 20 10 pass fail
0 0 20 10 fail pass
4 4 20 10 fail fail
616425 835231 25 10 pass 
30 30 25 10 fail 
595385 813402 25 10 pass pass
21040 21829 25 10 pass fail
2 2 25 10 fail pass
28 28 25 10 fail fail
616159 834965 30 10 pass 
296 296 30 10 fail 
595359 813376 30 10 pass pass
20800 21589 30 10 pass fail
28 28 30 10 fail pass
268 268 30 10 fail fail
614425 833231 35 10 pass 
2030 2030 35 10 fail 
594606 812623 35 10 pass pass
19819 20608 35 10 pass fail
781 781 35 10 fail pass
1249 1249 35 10 fail fail
77 84 40 10 pass 
616390 835177 40 10 fail 
73 80 40 10 pass pass
4 4 40 10 pass fail
595325 813324 40 10 fail pass
21065 21853 40 10 fail fail
616455 835261 5 20 pass 
0 0 5 20 fail 
595387 813404 5 20 pass pass
21068 21857 5 20 pass fail
0 0 5 20 fail pass
0 0 5 20 fail fail
616455 835261 10 20 pass 
0 0 10 20 fail 
595387 813404 10 20 pass pass
21068 21857 10 20 pass fail
0 0 10 20 fail pass
0 0 10 20 fail fail
616452 835258 15 20 pass 
3 3 15 20 fail 
595387 813404 15 20 pass pass
21065 21854 15 20 pass fail
0 0 15 20 fail pass
3 3 15 20 fail fail
616311 835117 20 20 pass 
144 144 20 20 fail 
595372 813389 20 20 pass pass
20939 21728 20 20 pass fail
15 15 20 20 fail pass
129 129 20 20 fail fail
616088 834894 25 20 pass 
367 367 25 20 fail 
595335 813352 25 20 pass pass
20753 21542 25 20 pass fail
52 52 25 20 fail pass
315 315 25 20 fail fail
614966 833772 30 20 pass 
1489 1489 30 20 fail 
594839 812856 30 20 pass pass
20127 20916 30 20 pass fail
548 548 30 20 fail pass
941 941 30 20 fail fail
610704 829508 35 20 pass 
5753 5753 35 20 fail 
591476 809491 35 20 pass pass
19228 20017 35 20 pass fail
3913 3913 35 20 fail pass
1840 1840 35 20 fail fail
1 1 40 20 pass 
616454 835260 40 20 fail 
1 1 40 20 pass pass
0 0 40 20 pass fail
595386 813403 40 20 fail pass
21068 21857 40 20 fail fail
616455 835261 5 30 pass 
0 0 5 30 fail 
595387 813404 5 30 pass pass
21068 21857 5 30 pass fail
0 0 5 30 fail pass
0 0 5 30 fail fail
616455 835261 10 30 pass 
0 0 10 30 fail 
595387 813404 10 30 pass pass
21068 21857 10 30 pass fail
0 0 10 30 fail pass
0 0 10 30 fail fail
616421 835227 15 30 pass 
34 34 15 30 fail 
595382 813399 15 30 pass pass
21039 21828 15 30 pass fail
5 5 15 30 fail pass
29 29 15 30 fail fail
615432 834238 20 30 pass 
1023 1023 20 30 fail 
595129 813146 20 30 pass pass
20303 21092 20 30 pass fail
258 258 20 30 fail pass
765 765 20 30 fail fail
614881 833687 25 30 pass 
1574 1574 25 30 fail 
594802 812819 25 30 pass pass
20079 20868 25 30 pass fail
585 585 25 30 fail pass
989 989 25 30 fail fail
612279 831085 30 30 pass 
4176 4176 30 30 fail 
592759 810776 30 30 pass pass
19520 20309 30 30 pass fail
2628 2628 30 30 fail pass
1548 1548 30 30 fail fail
603320 822047 35 30 pass 
13213 13214 35 30 fail 
584677 802615 35 30 pass pass
18643 19432 35 30 pass fail
10788 10789 35 30 fail pass
2425 2425 35 30 fail fail
0 0 40 30 pass 
616455 835261 40 30 fail 
0 0 40 30 pass pass
0 0 40 30 pass fail
595387 813404 40 30 fail pass
21068 21857 40 30 fail fail
616455 835261 5 40 pass 
0 0 5 40 fail 
595387 813404 5 40 pass pass
21068 21857 5 40 pass fail
0 0 5 40 fail pass
0 0 5 40 fail fail
616455 835261 10 40 pass 
0 0 10 40 fail 
595387 813404 10 40 pass pass
21068 21857 10 40 pass fail
0 0 10 40 fail pass
0 0 10 40 fail fail
616290 835096 15 40 pass 
165 165 15 40 fail 
595321 813338 15 40 pass pass
20969 21758 15 40 pass fail
66 66 15 40 fail pass
99 99 15 40 fail fail
613580 832386 20 40 pass 
2875 2875 20 40 fail 
593925 811942 20 40 pass pass
19655 20444 20 40 pass fail
1462 1462 20 40 fail pass
1413 1413 20 40 fail fail
612397 831203 25 40 pass 
4058 4058 25 40 fail 
592883 810900 25 40 pass pass
19514 20303 25 40 pass fail
2504 2504 25 40 fail pass
1554 1554 25 40 fail fail
606409 825203 30 40 pass 
10058 10058 30 40 fail 
587533 805538 30 40 pass pass
18876 19665 30 40 pass fail
7866 7866 30 40 fail pass
2192 2192 30 40 fail fail
591325 809714 35 40 pass 
25502 25547 35 40 fail 
573378 790980 35 40 pass pass
17947 18734 35 40 pass fail
22379 22424 35 40 fail pass
3123 3123 35 40 fail fail
0 0 40 40 pass 
616455 835261 40 40 fail 
0 0 40 40 pass pass
0 0 40 40 pass fail
595387 813404 40 40 fail pass
21068 21857 40 40 fail fail
616455 835261 5 50 pass 
0 0 5 50 fail 
595387 813404 5 50 pass pass
21068 21857 5 50 pass fail
0 0 5 50 fail pass
0 0 5 50 fail fail
616455 835261 10 50 pass 
0 0 10 50 fail 
595387 813404 10 50 pass pass
21068 21857 10 50 pass fail
0 0 10 50 fail pass
0 0 10 50 fail fail
615748 834554 15 50 pass 
707 707 15 50 fail 
594949 812966 15 50 pass pass
20799 21588 15 50 pass fail
438 438 15 50 fail pass
269 269 15 50 fail fail
608958 827758 20 50 pass 
7503 7503 20 50 fail 
589920 807931 20 50 pass pass
19038 19827 20 50 pass fail
5473 5473 20 50 fail pass
2030 2030 20 50 fail fail
606191 824984 25 50 pass 
10277 10277 25 50 fail 
587336 805340 25 50 pass pass
18855 19644 25 50 pass fail
8064 8064 25 50 fail pass
2213 2213 25 50 fail fail
596472 815199 30 50 pass 
20061 20062 30 50 fail 
578212 796150 30 50 pass pass
18260 19049 30 50 pass fail
17253 17254 30 50 fail pass
2808 2808 30 50 fail fail
575895 793194 35 50 pass 
41780 42067 35 50 fail 
558571 775088 35 50 pass pass
17324 18106 35 50 pass fail
38029 38316 35 50 fail pass
3751 3751 35 50 fail fail
0 0 40 50 pass 
616455 835261 40 50 fail 
0 0 40 50 pass pass
0 0 40 50 pass fail
595387 813404 40 50 fail pass
21068 21857 40 50 fail fail
616455 835261 5 60 pass 
0 0 5 60 fail 
595387 813404 5 60 pass pass
21068 21857 5 60 pass fail
0 0 5 60 fail pass
0 0 5 60 fail fail
616455 835261 10 60 pass 
0 0 10 60 fail 
595387 813404 10 60 pass pass
21068 21857 10 60 pass fail
0 0 10 60 fail pass
0 0 10 60 fail fail
614360 833166 15 60 pass 
2095 2095 15 60 fail 
593795 811812 15 60 pass pass
20565 21354 15 60 pass fail
1592 1592 15 60 fail pass
503 503 15 60 fail fail
599435 818176 20 60 pass 
17085 17085 20 60 fail 
581071 799023 20 60 pass pass
18364 19153 20 60 pass fail
14381 14381 20 60 fail pass
2704 2704 20 60 fail fail
595301 814008 25 60 pass 
21252 21253 25 60 fail 
577110 795028 25 60 pass pass
18191 18980 25 60 pass fail
18375 18376 25 60 fail pass
2877 2877 25 60 fail fail
581695 800113 30 60 pass 
35110 35148 30 60 fail 
564003 781633 30 60 pass pass
17692 18480 30 60 pass fail
31733 31771 30 60 fail pass
3377 3377 30 60 fail fail
555665 770637 35 60 pass 
63754 64624 35 60 fail 
539018 753217 35 60 pass pass
16647 17420 35 60 pass fail
59319 60187 35 60 fail pass
4435 4437 35 60 fail fail
0 0 40 60 pass 
616455 835261 40 60 fail 
0 0 40 60 pass pass
0 0 40 60 pass fail
595387 813404 40 60 fail pass
21068 21857 40 60 fail fail
616455 835261 5 70 pass 
0 0 5 70 fail 
595387 813404 5 70 pass pass
21068 21857 5 70 pass fail
0 0 5 70 fail pass
0 0 5 70 fail fail
616455 835261 10 70 pass 
0 0 10 70 fail 
595387 813404 10 70 pass pass
21068 21857 10 70 pass fail
0 0 10 70 fail pass
0 0 10 70 fail fail
610270 829075 15 70 pass 
6186 6186 15 70 fail 
590109 808125 15 70 pass pass
20161 20950 15 70 pass fail
5279 5279 15 70 fail pass
907 907 15 70 fail fail
580750 799081 20 70 pass 
36137 36180 20 70 fail 
563123 780667 20 70 pass pass
17627 18414 20 70 pass fail
32694 32737 20 70 fail pass
3443 3443 20 70 fail fail
574920 793104 25 70 pass 
42090 42157 25 70 fail 
557469 774867 25 70 pass pass
17451 18237 25 70 pass fail
38470 38537 25 70 fail pass
3620 3620 25 70 fail fail
559092 776358 30 70 pass 
58666 58903 30 70 fail 
542151 758635 30 70 pass pass
16941 17723 30 70 pass fail
54532 54769 30 70 fail pass
4134 4134 30 70 fail fail
529013 739123 35 70 pass 
93951 96138 35 70 fail 
513148 722499 35 70 pass pass
15865 16624 35 70 pass fail
88726 90905 35 70 fail pass
5225 5233 35 70 fail fail
0 0 40 70 pass 
616455 835261 40 70 fail 
0 0 40 70 pass pass
0 0 40 70 pass fail
595387 813404 40 70 fail pass
21068 21857 40 70 fail fail
616455 835261 5 80 pass 
0 0 5 80 fail 
595387 813404 5 80 pass pass
21068 21857 5 80 pass fail
0 0 5 80 fail pass
0 0 5 80 fail fail
616455 835261 10 80 pass 
0 0 10 80 fail 
595387 813404 10 80 pass pass
21068 21857 10 80 pass fail
0 0 10 80 fail pass
0 0 10 80 fail fail
598156 816934 15 80 pass 
18327 18327 15 80 fail 
578712 796701 15 80 pass pass
19444 20233 15 80 pass fail
16703 16703 15 80 fail pass
1624 1624 15 80 fail fail
551781 768301 20 80 pass 
66606 66960 20 80 fail 
535112 750854 20 80 pass pass
16669 17447 20 80 pass fail
62196 62550 20 80 fail pass
4410 4410 20 80 fail fail
545626 761690 25 80 pass 
73089 73571 25 80 fail 
529130 744416 25 80 pass pass
16496 17274 25 80 pass fail
68506 68988 25 80 fail pass
4583 4583 25 80 fail fail
532144 746145 30 80 pass 
88198 89116 30 80 fail 
516054 729281 30 80 pass pass
16090 16864 30 80 pass fail
83206 84123 30 80 fail pass
4992 4993 30 80 fail fail
498742 700505 35 80 pass 
129763 134756 35 80 fail 
483763 684788 35 80 pass pass
14979 15717 35 80 pass fail
123638 128616 35 80 fail pass
6125 6140 35 80 fail fail
0 0 40 80 pass 
616455 835261 40 80 fail 
0 0 40 80 pass pass
0 0 40 80 pass fail
595387 813404 40 80 fail pass
21068 21857 40 80 fail fail
616455 835261 5 90 pass 
0 0 5 90 fail 
595387 813404 5 90 pass pass
21068 21857 5 90 pass fail
0 0 5 90 fail pass
0 0 5 90 fail fail
616455 835261 10 90 pass 
0 0 10 90 fail 
595387 813404 10 90 pass pass
21068 21857 10 90 pass fail
0 0 10 90 fail pass
0 0 10 90 fail fail
564899 783098 15 90 pass 
52044 52163 15 90 fail 
546936 764349 15 90 pass pass
17963 18749 15 90 pass fail
48936 49055 15 90 fail pass
3108 3108 15 90 fail fail
512098 721438 20 90 pass 
111767 113823 20 90 fail 
496633 705212 20 90 pass pass
15465 16226 20 90 pass fail
106141 108192 20 90 fail pass
5626 5631 20 90 fail fail
506559 714538 25 90 pass 
118190 120723 25 90 fail 
491249 698470 25 90 pass pass
15310 16068 25 90 pass fail
112409 114934 25 90 fail pass
5781 5789 25 90 fail fail
496089 700793 30 90 pass 
130861 134468 30 90 fail 
481075 685029 30 90 pass pass
15014 15764 30 90 pass fail
124778 128375 30 90 fail pass
6083 6093 30 90 fail fail
456337 641991 35 90 pass 
181206 193270 35 90 fail 
442647 627625 35 90 pass pass
13690 14366 35 90 pass fail
173758 185779 35 90 fail pass
7448 7491 35 90 fail fail
0 0 40 90 pass 
616455 835261 40 90 fail 
0 0 40 90 pass pass
0 0 40 90 pass fail
595387 813404 40 90 fail pass
21068 21857 40 90 fail fail
616454 835260 5 100 pass 
1 1 5 100 fail 
595386 813403 5 100 pass pass
21068 21857 5 100 pass fail
1 1 5 100 fail pass
0 0 5 100 fail fail
616454 835260 10 100 pass 
1 1 10 100 fail 
595386 813403 10 100 pass pass
21068 21857 10 100 pass fail
1 1 10 100 fail pass
0 0 10 100 fail fail
412849 582811 15 100 pass 
229831 252450 15 100 fail 
400338 569698 15 100 pass pass
12511 13113 15 100 pass fail
221163 243706 15 100 fail pass
8668 8744 15 100 fail fail
362228 502657 20 100 pass 
292090 332604 20 100 fail 
351471 491410 20 100 pass pass
10757 11247 20 100 pass fail
281623 321994 20 100 fail pass
10467 10610 20 100 fail fail
352507 488622 25 100 pass 
302798 346639 25 100 fail 
342088 477724 25 100 pass pass
10419 10898 25 100 pass fail
291990 335680 25 100 fail pass
10808 10959 25 100 fail fail
330580 456224 30 100 pass 
326344 379037 30 100 fail 
320804 445993 30 100 pass pass
9776 10231 30 100 pass fail
314889 367411 30 100 fail pass
11455 11626 30 100 fail fail
215380 285618 35 100 pass 
443151 549643 35 100 fail 
209161 279182 35 100 pass pass
6219 6436 35 100 pass fail
428125 534222 35 100 fail pass
15026 15421 35 100 fail fail
0 0 40 100 pass 
616455 835261 40 100 fail 
0 0 40 100 pass pass
0 0 40 100 pass fail
595387 813404 40 100 fail pass
21068 21857 40 100 fail fail
