uniq total q p krill rotifer
612851 835261 5 10 pass 
0 0 5 10 fail 
552706 772263 5 10 pass pass
60145 62998 5 10 pass fail
0 0 5 10 fail pass
0 0 5 10 fail fail
612851 835261 10 10 pass 
0 0 10 10 fail 
552706 772263 10 10 pass pass
60145 62998 10 10 pass fail
0 0 10 10 fail pass
0 0 10 10 fail fail
612851 835261 15 10 pass 
0 0 15 10 fail 
552706 772263 15 10 pass pass
60145 62998 15 10 pass fail
0 0 15 10 fail pass
0 0 15 10 fail fail
612851 835261 20 10 pass 
0 0 20 10 fail 
552706 772263 20 10 pass pass
60145 62998 20 10 pass fail
0 0 20 10 fail pass
0 0 20 10 fail fail
612851 835261 25 10 pass 
0 0 25 10 fail 
552706 772263 25 10 pass pass
60145 62998 25 10 pass fail
0 0 25 10 fail pass
0 0 25 10 fail fail
612850 835260 30 10 pass 
1 1 30 10 fail 
552706 772263 30 10 pass pass
60144 62997 30 10 pass fail
0 0 30 10 fail pass
1 1 30 10 fail fail
612735 835145 35 10 pass 
116 116 35 10 fail 
552608 772165 35 10 pass pass
60127 62980 35 10 pass fail
98 98 35 10 fail pass
18 18 35 10 fail fail
544 572 40 10 pass 
612446 834689 40 10 fail 
528 556 40 10 pass pass
16 16 40 10 pass fail
552317 771707 40 10 fail pass
60129 62982 40 10 fail fail
612851 835261 5 20 pass 
0 0 5 20 fail 
552706 772263 5 20 pass pass
60145 62998 5 20 pass fail
0 0 5 20 fail pass
0 0 5 20 fail fail
612851 835261 10 20 pass 
0 0 10 20 fail 
552706 772263 10 20 pass pass
60145 62998 10 20 pass fail
0 0 10 20 fail pass
0 0 10 20 fail fail
612851 835261 15 20 pass 
0 0 15 20 fail 
552706 772263 15 20 pass pass
60145 62998 15 20 pass fail
0 0 15 20 fail pass
0 0 15 20 fail fail
612851 835261 20 20 pass 
0 0 20 20 fail 
552706 772263 20 20 pass pass
60145 62998 20 20 pass fail
0 0 20 20 fail pass
0 0 20 20 fail fail
612846 835256 25 20 pass 
5 5 25 20 fail 
552703 772260 25 20 pass pass
60143 62996 25 20 pass fail
3 3 25 20 fail pass
2 2 25 20 fail fail
612732 835142 30 20 pass 
119 119 30 20 fail 
552607 772164 30 20 pass pass
60125 62978 30 20 pass fail
99 99 30 20 fail pass
20 20 30 20 fail fail
611371 833778 35 20 pass 
1483 1483 35 20 fail 
551382 770936 35 20 pass pass
59989 62842 35 20 pass fail
1327 1327 35 20 fail pass
156 156 35 20 fail fail
2 2 40 20 pass 
612849 835259 40 20 fail 
2 2 40 20 pass pass
0 0 40 20 pass fail
552704 772261 40 20 fail pass
60145 62998 40 20 fail fail
612851 835261 5 30 pass 
0 0 5 30 fail 
552706 772263 5 30 pass pass
60145 62998 5 30 pass fail
0 0 5 30 fail pass
0 0 5 30 fail fail
612851 835261 10 30 pass 
0 0 10 30 fail 
552706 772263 10 30 pass pass
60145 62998 10 30 pass fail
0 0 10 30 fail pass
0 0 10 30 fail fail
612849 835259 15 30 pass 
2 2 15 30 fail 
552705 772262 15 30 pass pass
60144 62997 15 30 pass fail
1 1 15 30 fail pass
1 1 15 30 fail fail
612818 835228 20 30 pass 
33 33 20 30 fail 
552684 772241 20 30 pass pass
60134 62987 20 30 pass fail
22 22 20 30 fail pass
11 11 20 30 fail fail
612701 835111 25 30 pass 
150 150 25 30 fail 
552583 772140 25 30 pass pass
60118 62971 25 30 pass fail
123 123 25 30 fail pass
27 27 25 30 fail fail
611645 834054 30 30 pass 
1207 1207 30 30 fail 
551630 771186 30 30 pass pass
60015 62868 30 30 pass fail
1077 1077 30 30 fail pass
130 130 30 30 fail fail
607280 829632 35 30 pass 
5629 5629 35 30 fail 
547685 767186 35 30 pass pass
59595 62446 35 30 pass fail
5077 5077 35 30 fail pass
552 552 35 30 fail fail
0 0 40 30 pass 
612851 835261 40 30 fail 
0 0 40 30 pass pass
0 0 40 30 pass fail
552706 772263 40 30 fail pass
60145 62998 40 30 fail fail
612851 835261 5 40 pass 
0 0 5 40 fail 
552706 772263 5 40 pass pass
60145 62998 5 40 pass fail
0 0 5 40 fail pass
0 0 5 40 fail fail
612851 835261 10 40 pass 
0 0 10 40 fail 
552706 772263 10 40 pass pass
60145 62998 10 40 pass fail
0 0 10 40 fail pass
0 0 10 40 fail fail
612816 835226 15 40 pass 
35 35 15 40 fail 
552676 772233 15 40 pass pass
60140 62993 15 40 pass fail
30 30 15 40 fail pass
5 5 15 40 fail fail
612360 834770 20 40 pass 
491 491 20 40 fail 
552280 771837 20 40 pass pass
60080 62933 20 40 pass fail
426 426 20 40 fail pass
65 65 20 40 fail fail
611677 834086 25 40 pass 
1175 1175 25 40 fail 
551664 771220 25 40 pass pass
60013 62866 25 40 pass fail
1043 1043 25 40 fail pass
132 132 25 40 fail fail
608226 830632 30 40 pass 
4629 4629 30 40 fail 
548577 768130 30 40 pass pass
59649 62502 30 40 pass fail
4133 4133 30 40 fail pass
496 496 30 40 fail fail
599146 821253 35 40 pass 
13989 14008 35 40 fail 
540331 759593 35 40 pass pass
58815 61660 35 40 pass fail
12651 12670 35 40 fail pass
1338 1338 35 40 fail fail
0 0 40 40 pass 
612851 835261 40 40 fail 
0 0 40 40 pass pass
0 0 40 40 pass fail
552706 772263 40 40 fail pass
60145 62998 40 40 fail fail
612851 835261 5 50 pass 
0 0 5 50 fail 
552706 772263 5 50 pass pass
60145 62998 5 50 pass fail
0 0 5 50 fail pass
0 0 5 50 fail fail
612851 835261 10 50 pass 
0 0 10 50 fail 
552706 772263 10 50 pass pass
60145 62998 10 50 pass fail
0 0 10 50 fail pass
0 0 10 50 fail fail
612626 835036 15 50 pass 
225 225 15 50 fail 
552512 772069 15 50 pass pass
60114 62967 15 50 pass fail
194 194 15 50 fail pass
31 31 15 50 fail fail
609790 832198 20 50 pass 
3063 3063 20 50 fail 
549962 769517 20 50 pass pass
59828 62681 20 50 pass fail
2746 2746 20 50 fail pass
317 317 20 50 fail fail
608018 830425 25 50 pass 
4836 4836 25 50 fail 
548357 767911 25 50 pass pass
59661 62514 25 50 pass fail
4352 4352 25 50 fail pass
484 484 25 50 fail fail
601471 823819 30 50 pass 
11442 11442 30 50 fail 
542456 761953 30 50 pass pass
59015 61866 30 50 pass fail
10310 10310 30 50 fail pass
1132 1132 30 50 fail fail
588039 809336 35 50 pass 
25786 25925 35 50 fail 
530255 748725 35 50 pass pass
57784 60611 35 50 pass fail
23401 23538 35 50 fail pass
2385 2387 35 50 fail fail
0 0 40 50 pass 
612851 835261 40 50 fail 
0 0 40 50 pass pass
0 0 40 50 pass fail
552706 772263 40 50 fail pass
60145 62998 40 50 fail fail
612851 835261 5 60 pass 
0 0 5 60 fail 
552706 772263 5 60 pass pass
60145 62998 5 60 pass fail
0 0 5 60 fail pass
0 0 5 60 fail fail
612851 835261 10 60 pass 
0 0 10 60 fail 
552706 772263 10 60 pass pass
60145 62998 10 60 pass fail
0 0 10 60 fail pass
0 0 10 60 fail fail
611787 834197 15 60 pass 
1064 1064 15 60 fail 
551761 771318 15 60 pass pass
60026 62879 15 60 pass fail
945 945 15 60 fail pass
119 119 15 60 fail fail
603726 826099 20 60 pass 
9162 9162 20 60 fail 
544486 764008 20 60 pass pass
59240 62091 20 60 pass fail
8255 8255 20 60 fail pass
907 907 20 60 fail fail
600910 823265 25 60 pass 
11995 11996 25 60 fail 
541909 761413 25 60 pass pass
59001 61852 25 60 pass fail
10849 10850 25 60 fail pass
1146 1146 25 60 fail fail
590621 812766 30 60 pass 
22477 22495 30 60 fail 
532509 751808 30 60 pass pass
58112 60958 30 60 pass fail
20437 20455 30 60 fail pass
2040 2040 30 60 fail fail
572381 791848 35 60 pass 
42935 43413 35 60 fail 
515952 732627 35 60 pass pass
56429 59221 35 60 pass fail
39171 39636 35 60 fail pass
3764 3777 35 60 fail fail
0 0 40 60 pass 
612851 835261 40 60 fail 
0 0 40 60 pass pass
0 0 40 60 pass fail
552706 772263 40 60 fail pass
60145 62998 40 60 fail fail
612851 835261 5 70 pass 
0 0 5 70 fail 
552706 772263 5 70 pass pass
60145 62998 5 70 pass fail
0 0 5 70 fail pass
0 0 5 70 fail fail
612851 835261 10 70 pass 
0 0 10 70 fail 
552706 772263 10 70 pass pass
60145 62998 10 70 pass fail
0 0 10 70 fail pass
0 0 10 70 fail fail
609271 831679 15 70 pass 
3582 3582 15 70 fail 
549487 769042 15 70 pass pass
59784 62637 15 70 pass fail
3221 3221 15 70 fail pass
361 361 15 70 fail fail
590620 812756 20 70 pass 
22488 22505 20 70 fail 
532483 751772 20 70 pass pass
58137 60984 20 70 pass fail
20474 20491 20 70 fail pass
2014 2014 20 70 fail fail
586224 808242 25 70 pass 
26989 27019 25 70 fail 
528440 747616 25 70 pass pass
57784 60626 25 70 pass fail
24617 24647 25 70 fail pass
2372 2372 25 70 fail fail
573196 794469 30 70 pass 
40659 40792 30 70 fail 
516404 734849 30 70 pass pass
56792 59620 30 70 pass fail
37282 37414 30 70 fail pass
3377 3378 30 70 fail fail
550240 765978 35 70 pass 
67840 69283 35 70 fail 
495692 708701 35 70 pass pass
54548 57277 35 70 pass fail
62146 63562 35 70 fail pass
5694 5721 35 70 fail fail
0 0 40 70 pass 
612851 835261 40 70 fail 
0 0 40 70 pass pass
0 0 40 70 pass fail
552706 772263 40 70 fail pass
60145 62998 40 70 fail fail
612851 835261 5 80 pass 
0 0 5 80 fail 
552706 772263 5 80 pass pass
60145 62998 5 80 pass fail
0 0 5 80 fail pass
0 0 5 80 fail fail
612851 835261 10 80 pass 
0 0 10 80 fail 
552706 772263 10 80 pass pass
60145 62998 10 80 pass fail
0 0 10 80 fail pass
0 0 10 80 fail fail
601274 823669 15 80 pass 
11592 11592 15 80 fail 
542215 761757 15 80 pass pass
59059 61912 15 80 pass fail
10506 10506 15 80 fail pass
1086 1086 15 80 fail fail
567991 788840 20 80 pass 
46249 46421 20 80 fail 
511551 729577 20 80 pass pass
56440 59263 20 80 pass fail
42515 42686 20 80 fail pass
3734 3735 20 80 fail fail
562740 783186 25 80 pass 
51820 52075 25 80 fail 
506726 724356 25 80 pass pass
56014 58830 25 80 pass fail
47654 47907 25 80 fail pass
4166 4168 25 80 fail fail
550777 769629 30 80 pass 
65071 65632 30 80 fail 
495706 711770 30 80 pass pass
55071 57859 30 80 pass fail
59943 60493 30 80 fail pass
5128 5139 30 80 fail fail
524006 733498 35 80 pass 
98400 101763 35 80 fail 
471823 678678 35 80 pass pass
52183 54820 35 80 pass fail
90281 93585 35 80 fail pass
8119 8178 35 80 fail fail
0 0 40 80 pass 
612851 835261 40 80 fail 
0 0 40 80 pass pass
0 0 40 80 pass fail
552706 772263 40 80 fail pass
60145 62998 40 80 fail fail
612851 835261 5 90 pass 
0 0 5 90 fail 
552706 772263 5 90 pass pass
60145 62998 5 90 pass fail
0 0 5 90 fail pass
0 0 5 90 fail fail
612851 835261 10 90 pass 
0 0 10 90 fail 
552706 772263 10 90 pass pass
60145 62998 10 90 pass fail
0 0 10 90 fail pass
0 0 10 90 fail fail
575463 797504 15 90 pass 
37729 37757 15 90 fail 
518439 737641 15 90 pass pass
57024 59863 15 90 pass fail
34598 34622 15 90 fail pass
3131 3135 15 90 fail fail
534000 749449 20 90 pass 
84478 85812 20 90 fail 
480393 693104 20 90 pass pass
53607 56345 20 90 pass fail
77849 79159 20 90 fail pass
6629 6653 20 90 fail fail
529280 743672 25 90 pass 
89921 91589 25 90 fail 
476089 687764 25 90 pass pass
53191 55908 25 90 pass fail
82864 84499 25 90 fail pass
7057 7090 25 90 fail fail
520317 732248 30 90 pass 
100635 103013 30 90 fail 
467999 677243 30 90 pass pass
52318 55005 30 90 pass fail
92681 95020 30 90 fail pass
7954 7993 30 90 fail fail
488333 685271 35 90 pass 
141716 149990 35 90 fail 
439780 634273 35 90 pass pass
48553 50998 35 90 pass fail
129849 137990 35 90 fail pass
11867 12000 35 90 fail fail
0 0 40 90 pass 
612851 835261 40 90 fail 
0 0 40 90 pass pass
0 0 40 90 pass fail
552706 772263 40 90 fail pass
60145 62998 40 90 fail fail
612851 835261 5 100 pass 
0 0 5 100 fail 
552706 772263 5 100 pass pass
60145 62998 5 100 pass fail
0 0 5 100 fail pass
0 0 5 100 fail fail
612851 835261 10 100 pass 
0 0 10 100 fail 
552706 772263 10 100 pass pass
60145 62998 10 100 pass fail
0 0 10 100 fail pass
0 0 10 100 fail fail
463952 654602 15 100 pass 
168482 180659 15 100 fail 
417814 606132 15 100 pass pass
46138 48470 15 100 pass fail
154161 166131 15 100 fail pass
14321 14528 15 100 fail fail
415693 580525 20 100 pass 
228964 254736 20 100 fail 
375633 538470 20 100 pass pass
40060 42055 20 100 pass fail
208389 233793 20 100 fail pass
20575 20943 20 100 fail fail
403950 563560 25 100 pass 
242519 271701 25 100 fail 
365061 522753 25 100 pass pass
38889 40807 25 100 pass fail
220747 249510 25 100 fail pass
21772 22191 25 100 fail fail
385062 534875 30 100 pass 
263651 300386 30 100 fail 
348283 496317 30 100 pass pass
36779 38558 30 100 pass fail
239733 275946 30 100 fail pass
23918 24440 30 100 fail fail
290269 390646 35 100 pass 
365677 444615 35 100 fail 
264380 363715 35 100 pass pass
25889 26931 35 100 pass fail
330770 408548 35 100 fail pass
34907 36067 35 100 fail fail
0 0 40 100 pass 
612851 835261 40 100 fail 
0 0 40 100 pass pass
0 0 40 100 pass fail
552706 772263 40 100 fail pass
60145 62998 40 100 fail fail
