uniq total q30p_ krill rotifer
68314671 116473227 pass 70617197 70616398 70616547
5617826 5844022 fail 4351301 4349880 4349602
73461517 121846269 10 pass 73665417 73665390 73666485
470980 470980 10 fail 418852 418968 418741
68088326 116246882 10 pass pass 70489892 70487866 70488623
5373191 5599387 10 pass fail 4182722 4182048 4180030
226345 226345 10 fail pass 208400 208156 207686
244635 244635 10 fail fail 224033 223877 223912
72152284 120537036 20 pass 72923170 72924714 72922298
1780213 1780213 20 fail 1453538 1452939 1453028
67117201 115275757 20 pass pass 69934375 69938335 69938457
5035083 5261279 20 pass fail 3948743 3947674 3946783
1197470 1197470 20 fail pass 1005913 1005755 1006684
582743 582743 20 fail fail 512717 512155 512101
70100396 118485089 30 pass 71759650 71760367 71759073
3832160 3832160 30 fail 2947776 2948667 2948062
65396398 113554895 30 pass pass 68957612 68957512 68956816
4703998 4930194 30 pass fail 3717815 3719753 3720078
2918332 2918332 30 fail pass 2294000 2293839 2292397
913828 913828 30 fail fail 781951 782025 781911
67385188 115768093 40 pass 70218128 70216441 70215315
6549097 6549156 40 fail 4832840 4832571 4833204
62996391 111153120 40 pass pass 67590528 67588660 67589421
4388797 4614973 40 pass fail 3496772 3496908 3498444
5320048 5320107 40 fail pass 3990190 3988659 3989412
1229049 1229049 40 fail fail 1030363 1030851 1030411
63555774 111918119 50 pass 68025631 68027366 68026985
10396948 10399130 50 fail 7412146 7413219 7412022
59511500 107647972 50 pass pass 65589575 65591075 65595963
4044274 4270147 50 pass fail 3257329 3256732 3257912
8823086 8825255 50 fail pass 6365827 6366455 6365446
1573862 1573875 50 fail fail 1296537 1296726 1296786
58645729 106894296 60 pass 65161087 65160610 65160860
15396261 15422953 60 fail 10682235 10682418 10683000
54964097 102988167 60 pass pass 62924740 62929705 62926096
3681632 3906129 60 pass fail 2999004 3000436 2999975
13458578 13485060 60 fail pass 9429316 9431931 9429276
1937683 1937893 60 fail fail 1572826 1572250 1570809
51856163 99606452 70 pass 60990570 60988521 60983752
22489983 22710797 70 fail 15314933 15311265 15314273
48614257 96145394 70 pass pass 59003542 59002395 59001649
3241906 3461058 70 pass fail 2683767 2683476 2683133
20108601 20327833 70 fail pass 13809057 13810766 13807562
2381382 2382964 70 fail fail 1902139 1902218 1902655
42661376 88688997 80 pass 54700603 54703522 54700453
32359843 33628252 80 fail 22080969 22079223 22079735
39989704 85813319 80 pass pass 53042850 53040252 53042234
2671672 2875678 80 pass fail 2261295 2263378 2261609
29398901 30659908 80 fail pass 20255002 20254209 20259384
2960942 2968344 80 fail fail 2328319 2328084 2329240
25129173 64052522 90 pass 40335869 40338202 40332838
51107959 58264727 90 fail 36910924 36915810 36912651
23612711 62381546 90 pass pass 39343602 39349609 39345361
1516462 1670976 90 pass fail 1370072 1370222 1370893
46970504 54091681 90 fail pass 34431761 34435033 34436865
4137455 4173046 90 fail fail 3189232 3188432 3186855
562919 1638418 100 pass 1345535 1346631 1345728
73822758 120678831 100 fail 73004312 73004447 73002704
554668 1629648 100 pass pass 1339217 1339454 1339256
8251 8770 100 pass fail 8563 8498 8545
68210725 114843579 100 fail pass 69691211 69692116 69691053
5612033 5835252 100 fail fail 4343246 4342695 4342961
