uniq total q30p_ krill rotifer
25616352 121023827 pass 26483383 26483386 26483264
1119912 1293422 fail 646435 645964 646071
26574674 122155659 10 pass 26704764 26704506 26704607
161590 161590 10 fail 123267 123545 123548
25566991 120974466 10 pass pass 26472880 26472991 26473138
1007683 1181193 10 pass fail 603089 603441 603259
49361 49361 10 fail pass 42231 42264 42073
112229 112229 10 fail fail 89563 89492 89467
26282152 121863137 20 pass 26647163 26647576 26647378
454112 454112 20 fail 290980 290977 290978
25330378 120737853 20 pass pass 26427219 26427222 26426794
951774 1125284 20 pass fail 581740 581847 583117
285974 285974 20 fail pass 200021 200007 200144
168138 168138 20 fail fail 128088 127603 127780
25642083 121222955 30 pass 26521449 26521144 26522275
1094292 1094294 30 fail 570126 570277 570897
24746984 120154350 30 pass pass 26313475 26313378 26313052
895099 1068605 30 pass fail 559416 560192 559523
869475 869477 30 fail pass 480762 479928 480077
224817 224817 30 fail fail 163856 163851 163733
24650141 120228315 40 pass 26327191 26328019 26327805
2088807 2088934 40 fail 920567 920756 920313
23804362 119209047 40 pass pass 26127694 26127867 26126734
845779 1019268 40 pass fail 540748 540918 541433
1814653 1814780 40 fail pass 829446 828652 831133
274154 274154 40 fail fail 193326 193517 193642
23125993 118677276 50 pass 26022438 26023455 26022489
3636133 3639973 50 fail 1393160 1393724 1392303
22330860 117708804 50 pass pass 25831545 25833700 25833638
795133 968472 50 pass fail 520595 520357 520364
3311194 3315023 50 fail pass 1298953 1299903 1298566
324939 324950 50 fail fail 222313 222416 222467
21125886 116535130 60 pass 25602147 25602116 25602940
5737554 5782119 60 fail 1988159 1986664 1988088
20380205 115616636 60 pass pass 25420772 25421529 25422575
745681 918494 60 pass fail 500579 499702 500687
5362694 5407191 60 fail pass 1888113 1885590 1887317
374860 374928 60 fail fail 249823 249698 249829
18389398 113198054 70 pass 24946450 24945199 24943014
8761138 9119195 70 fail 2849347 2850642 2850476
17696746 112334405 70 pass pass 24774947 24774871 24774379
692652 863649 70 pass fail 477586 478638 478168
8331770 8689422 70 fail pass 2741786 2743966 2743751
429368 429773 70 fail fail 278379 278242 278453
15075107 107909042 80 pass 23901480 23897986 23901388
12558443 14408207 80 fail 4141726 4143306 4143795
14438842 107107118 80 pass pass 23739282 23740558 23741529
636265 801924 80 pass fail 451916 450928 451947
12068835 13916709 80 fail pass 4027045 4023924 4026335
489608 491498 80 fail fail 309425 309512 309524
10931391 96431360 90 pass 21616545 21612514 21611623
17226134 25885889 90 fail 6796502 6796779 6798634
10388655 95740739 90 pass pass 21475330 21476894 21476205
542736 690621 90 pass fail 403120 402538 403197
16632320 25283088 90 fail pass 6655282 6656908 6655597
593814 602801 90 fail fail 363180 363124 362933
1786957 18750004 100 pass 5161354 5165706 5162827
25994279 103567245 100 fail 23039193 23040713 23040790
1714386 18663597 100 pass pass 5142976 5145717 5142672
72571 86407 100 pass fail 70769 70684 70840
24924982 102360230 100 fail pass 22797929 22798050 22796740
1069297 1207015 100 fail fail 613068 613119 613001
