uniq total q30p_ krill rotifer
130065414 738345380   pass 151434990 151424957 151425126
55720251 204037019   fail 51151453 51161148 51145979
185763170 942359853 10 pass 185781862 185781927 185781958
22518 22546 10 fail 20565 20402 20615
130822733 739791376 10 pass pass 151685349 151681436 151682666
54940437 202568477 10 pass fail 50835731 50836742 50828105
9187 9188 10 fail pass 8511 8558 8532
13331 13358 10 fail fail 12205 12302 12199
185579187 942175740 20 pass 185751630 185751612 185751405
206574 206659 20 fail 163914 163998 163734
130724342 739692946 20 pass pass 151664301 151657639 151662315
54854845 202482794 20 pass fail 50824157 50822080 50815826
107608 107618 20 fail pass 90797 90720 90878
98966 99041 20 fail fail 84104 83942 84087
184732974 941328834 30 pass 185611484 185610983 185611522
1053406 1053565 30 fail 654653 654712 656361
130273840 739242075 30 pass pass 151584198 151580191 151595428
54459134 202086759 30 pass fail 50736496 50732487 50729977
558473 558489 30 fail pass 387291 388335 387513
494933 495076 30 fail fail 350221 349967 350231
182624988 939216702 40 pass 185263426 185262271 185263195
3165238 3165697 40 fail 1582494 1582233 1582906
129130217 738095646 40 pass pass 151394357 151391069 151390670
53494771 201121056 40 pass fail 50526115 50532791 50542761
1704720 1704918 40 fail pass 965383 965777 966088
1460518 1460779 40 fail fail 853307 853241 854237
177285474 933847800 50 pass 184373123 184373190 184375909
8530815 8534599 50 fail 3512589 3513461 3513322
125891708 734834866 50 pass pass 150832185 150832881 150829036
51393766 199012934 50 pass fail 50075002 50074801 50077076
4962924 4965698 50 fail pass 2269284 2269360 2268819
3567891 3568901 50 fail fail 1740181 1740848 1742286
166860139 923163642 60 pass 182605030 182605627 182606342
19161687 19218757 60 fail 6853243 6854591 6853599
118722431 727450829 60 pass pass 149554945 149548005 149555814
48137708 195712813 60 pass fail 49367393 49361958 49369251
12300511 12349735 60 fail pass 4750931 4750420 4752951
6861176 6869022 60 fail fail 2942174 2948870 2946542
147547271 900959991 70 pass 178917812 178914737 178913789
40104164 41422408 70 fail 13082850 13088892 13089094
104763485 711077566 70 pass pass 146725780 146731176 146731069
42783786 189882425 70 pass fail 48103694 48104769 48114234
27566569 28722998 70 fail pass 9601509 9596046 9596798
12537595 12699410 70 fail fail 4862469 4859601 4863132
120577918 859145121 80 pass 171938854 171934490 171936344
71437528 83237278 80 fail 23753017 23755872 23753346
85629482 679957879 80 pass pass 141333426 141329533 141327266
34948436 179187242 80 pass fail 45788963 45783831 45792462
49961988 59842685 80 fail pass 17909578 17911733 17912866
21475540 23394593 80 fail fail 8076012 8075319 8078348
72039862 724528926 90 pass 149059253 149054403 149045605
127721468 217853473 90 fail 54081590 54089842 54085884
51541612 579331590 90 pass pass 123562451 123560713 123563405
20498250 145197336 90 pass fail 38257554 38251851 38249788
89437666 160468974 90 fail pass 41679138 41674550 41679583
38283802 57384499 90 fail fail 17279337 17276693 17282009
4649967 30504208 100 pass 10104855 10098614 10095846
184982154 911878191 100 fail 180732942 180732152 180729947
3951622 28880059 100 pass pass 9643882 9641524 9646540
698345 1624149 100 pass fail 928848 929159 928653
130123151 710920505 100 fail pass 146704484 146711601 146706402
54859003 200957686 100 fail fail 50484494 50490689 50491630
