uniq total q30p_ krill rotifer
123739773 866962853   pass 137606973 137605702 137607474
23691755 75419546   fail 17636516 17628033 17637317
147408100 942358966 10 pass 147428484 147428478 147428443
23432 23433 10 fail 20853 20837 20714
123781771 867039155 10 pass pass 137618825 137612043 137619941
23626329 75319811 10 pass fail 17618362 17611061 17616686
15979 15980 10 fail pass 14376 14404 14458
7453 7453 10 fail fail 6871 6877 6872
147036711 941987464 20 pass 147380350 147380287 147380256
394839 394935 20 fail 257679 258324 257999
123470953 866728227 20 pass pass 137571792 137577553 137572236
23565758 75259237 20 pass fail 17601030 17602788 17602238
326813 326908 20 fail pass 220894 221043 221127
68026 68027 20 fail fail 56616 56723 56596
146032521 940982540 30 pass 147250194 147250268 147250186
1399587 1399859 30 fail 691018 691135 691143
122606566 865863123 30 pass pass 137465918 137462517 137468165
23425955 75119417 30 pass fail 17575585 17572541 17573562
1191743 1192012 30 fail pass 610445 610732 611261
207844 207847 30 fail fail 152268 151889 151983
144464097 939408423 40 pass 147046946 147047276 147046287
2972711 2973976 40 fail 1227181 1228085 1227734
121259155 864510341 40 pass pass 137283375 137287968 137284927
23204942 74898082 40 pass fail 17529358 17530949 17530716
2543547 2544794 40 fail pass 1089071 1089991 1089457
429164 429182 40 fail fail 274897 275727 275108
140617151 935519816 50 pass 146544297 146544230 146541830
6854616 6862583 50 fail 2366864 2363961 2364118
117981157 861192892 50 pass pass 136845251 136851831 136848591
22635994 74326924 50 pass fail 17417573 17416569 17412081
5854516 5862243 50 fail pass 2087097 2086145 2087272
1000100 1000340 50 fail fail 533929 533847 533910
131969340 926473401 60 pass 145368874 145372253 145371352
15793967 15908998 60 fail 4702949 4700529 4699401
110476889 853308619 60 pass pass 135813681 135814066 135814278
21492451 73164782 60 pass fail 17179721 17181110 17179091
13634287 13746516 60 fail pass 4162723 4161793 4163231
2159680 2162482 60 fail fail 962177 962284 961551
115454616 905955028 70 pass 142703297 142705374 142706712
34219707 36427371 70 fail 9459122 9458178 9455695
95896234 834914702 70 pass pass 133391173 133391757 133393458
19558382 71040326 70 pass fail 16746961 16750314 16750860
29980259 32140433 70 fail pass 8499121 8498375 8496392
4239448 4286938 70 fail fail 1630106 1631526 1632540
98263719 873036062 80 pass 138405762 138404240 138405015
54984017 69346337 80 fail 16407043 16417119 16407510
80827820 804997719 80 pass pass 129432453 129421333 129430414
17435899 68038343 80 pass fail 16143271 16149072 16143118
48105133 62057416 80 fail pass 14918648 14919100 14920134
6878884 7288921 80 fail fail 2481883 2484445 2484025
70065925 788749601 90 pass 127273102 127261192 127261561
87554270 153632798 90 fail 32393480 32397785 32398685
56551565 728368000 90 pass pass 119155137 119149781 119156286
13514360 60381601 90 pass fail 14573488 14570249 14573462
75471874 138687135 90 fail pass 29694162 29698629 29687386
12082396 14945663 90 fail fail 4460799 4462899 4464564
6531936 61919015 100 pass 14884745 14886232 14895267
145955103 880463384 100 fail 139374011 139379478 139375943
4496066 57140051 100 pass pass 13893845 13895733 13895654
2035870 4778964 100 pass fail 1776358 1775905 1776525
122636794 809915084 100 fail pass 130078496 130079981 130073997
23318309 70548300 100 fail fail 16650796 16660776 16654984
